100
37018 -82867
88804 -96318
-44399 -79779
-18893 -44684
-85260 -8249
-21847 -61943
-96518 95737
-45902 -40435
-23430 -94743
90030 97341
-58775 -2268
3800 -1591
-59965 85065
-21407 62304
-49348 27691
97073 1381
47376 22359
60215 -56409
6622 44038
50525 -80420
-1036 63231
48264 -15238
-57246 -65379
-29374 48750
-36470 54137
-67661 -76589
-40912 41505
-36187 -50479
12256 22802
20778 -54434
-86135 -90080
-56871 -80896
57074 -18372
82106 -80671
-40194 67348
-41091 -62064
21479 17010
97769 -6410
-17931 -24331
-9725 64148
22611 -24432
-22398 27419
43450 73686
92410 48276
-2239 13537
-85492 5071
-28279 68281
34994 -12004
-33616 88659
7919 -6225
-26215 -42791
-94227 -93139
-37207 81853
-29005 -91063
3995 -16039
87520 12035
-80840 -82459
18943 -53719
39057 -36379
98328 -3626
23877 -10805
41102 81345
-35901 44191
91282 -55284
-52830 6581
-43856 54039
-17451 64455
-42410 -63411
-55668 -61058
-93311 -21709
-86682 2859
-25586 -98295
-45827 55778
-38671 -7518
-58781 -29682
-79086 -60442
-17441 -57558
-90288 -51063
62307 -49442
82508 74779
63220 95803
24292 -1536
-85501 -88701
22571 63607
97363 -73756
74102 98907
7443 57984
15093 81801
-26732 73210
32581 8400
-45763 66161
-52808 -71596
35276 45680
85181 37892
83283 83097
-1417 -47053
19794 77260
70486 -60304
-71800 59075
-36421 -70799
